2 3 1 1 1 3
1 1 0
0 0 0

4 3 3 2 4 3
0 3 0
0 2 0
0 3 0
0 1 0

1 1 1 1 1 1
3

3 3 1 1 3 3
0 0 0
0 0 0
0 0 0

10 10 1 1 12 10
0 0 0 0 0 0 0 0 0 0
2 0 0 0 0 0 0 0 0 0
2 0 0 0 0 0 0 0 0 0
2 0 0 0 0 0 0 0 0 0
2 0 0 0 0 0 0 0 0 0
2 0 0 0 3 0 0 0 0 0
2 0 0 3 3 0 0 0 0 0
1 0 0 0 0 0 0 0 0 0
1 0 0 0 0 0 0 0 0 0
1 0 0 0 0 0 0 0 0 0

5 5 1 1 1 2
0 0 0 0 0
0 0 0 0 0
0 0 0 0 0
0 0 0 0 0
0 0 0 0 0


5 5 1 1 1 2
3 3 0 0 0
0 0 0 0 0
0 0 0 0 0
0 0 0 0 0
0 0 0 0 0


5 5 1 1 1 2
1 2 3 1 2
3 1 2 3 1
2 3 1 2 3
1 2 3 1 2
3 1 2 3 1

1 1 1 1 1 1
0

1 1 1 1 1 1
3

0 0 0 0 0 0
